0	1
1	1
2	1
3	1
4	1
5	1
6	1
7	1
8	1
9	1
10	1
11	1
12	1
13	1
14	1
15	1
16	1
17	1
18	1
19	1
20	1
21	1
22	1
23	1
24	1
25	1
26	1
27	1
28	1
29	1
30	1
31	1
32	1
33	1
34	1
35	1
36	1
37	1
38	1
39	1
40	1
41	1
42	1
43	1
44	1
45	1
46	1
47	1
48	1
49	1
50	1
51	1
52	1
53	1
54	1
55	1
56	1
57	1
58	1
59	1
60	1
61	1
62	1
63	1
64	1
65	1
66	1
67	1
68	1
69	1
70	1
71	1
72	1
73	1
74	1
75	1
76	1
77	1
78	1
79	1
80	1
81	1
82	1
83	1
84	1
85	1
86	1
87	1
88	1
89	1
90	1
91	1
92	1
93	1
94	1
95	1
96	1
97	1
98	1
99	1
100	1
101	1
102	1
103	1
104	1
105	1
106	1
107	1
108	1
109	1
110	1
111	1
112	1
113	1
114	1
115	1
116	1
117	1
118	1
119	1
120	1
121	1
122	1
123	1
124	1
125	1
126	1
127	1
128	1
129	1
130	1
131	1
132	1
133	1
134	1
135	1
136	1
137	1
138	1
139	1
140	1
141	1
142	1
143	1
144	1
145	1
146	1
147	1
148	1
149	1
150	1
151	1
152	1
153	1
154	1
155	1
156	1
157	1
158	1
159	1
160	1
161	1
162	1
163	1
164	1
165	1
166	1
167	1
168	1
169	1
170	1
171	1
172	1
173	1
174	1
175	1
176	1
177	1
178	1
179	1
180	1
181	1
182	1
183	1
184	1
185	1
186	1
187	1
188	1
189	1
190	1
191	1
192	1
193	1
194	1
195	1
196	1
197	1
198	1
199	1
200	1
201	1
202	1
203	1
204	1
205	1
206	1
207	1
208	1
209	1
210	1
211	1
212	1
213	1
214	1
215	1
216	1
217	1
218	1
219	1
220	1
221	1
222	1
223	1
224	1
225	1
226	1
228	1
229	1
230	3
231	1
232	1
233	1
234	1
235	3093
236	11810
237	11810
238	11810
239	11810
240	19
241	3951
242	1
243	1633
244	11810
245	11810
246	1
249	515
252	3
253	11810
254	1
255	1
256	1
511	1
512	1
767	11810
768	1
1024	1
1279	174
1280	1
1536	1
1792	1
2048	1
2304	1
2560	1
2815	3
3072	1
3328	11810
3584	1
3840	1
4096	1
4326	13
4352	1
4607	6
4608	1
4863	3397
4864	1
5120	1
5375	7
5376	1
5632	1
5887	1792
5888	1
6144	1
6399	1687
6400	1
6655	60
6656	1
6911	411
6912	1
7167	11810
7168	1
7423	345
7424	1
7680	1
7935	11810
7936	1
8192	1
8447	11810
8448	1
8703	2
8704	1
8960	1
9215	11810
9216	1
9471	4780
9472	1
9727	5822
9728	1
9983	1
9984	1
10240	1
10495	2312
10496	1
10751	11810
10752	1
11007	11810
11008	1
11263	1
11264	1
11519	11810
11520	1
11776	1
12031	11810
12032	1
12287	11810
12288	1
12544	1
12799	473
12800	1
13056	1
13312	1
13567	12
13568	1
13824	1
14080	1
14336	1
14591	11810
14592	1
14847	1
14848	1
15104	1
15360	1
15616	1
15872	1
16128	1
16384	1
16639	3
16640	1
16895	2
16896	1
17151	11810
17152	1
17408	1
17664	1
17920	1
18175	11810
18176	1
18431	11810
18432	1
18687	11810
18688	1
18943	5355
18944	1
19199	11810
19200	1
19455	11810
19456	1
19711	1
19712	1
19967	11810
19968	1
20224	1
20479	11810
20480	1
20736	1
20992	1
21247	29
21248	1
21503	248
21504	1
21760	1
22016	1
22272	1
22528	1
22783	3
22784	1
23040	1
23296	1
23551	11810
23552	1
23807	11810
23808	1
24063	11810
24064	1
24319	32
24320	1
24576	1
24831	9406
24832	1
25087	4
25088	1
25343	1
25344	1
25599	11810
25600	1
25856	1
26112	1
26368	1
26624	1
26880	1
27135	11810
27136	1
27392	1
27647	357
27648	1
27904	1
28160	1
28416	1
28672	1
28927	64
28928	1
29183	50
29184	1
29439	11810
29440	1
29696	1
29952	1
30208	1
30464	1
30719	210
30720	1
30976	1
31232	1
31487	11810
31488	1
31743	812
31744	1
32000	1
32256	1
32512	1
32768	1
33023	4
33024	1
33280	1
33535	19
33536	1
33791	50
33792	1
34047	2119
34048	1
34304	1
34560	1
34816	1
35072	1
35328	1
35584	1
35839	11810
35840	1
36096	1
36351	1009
36352	1
36608	1
36864	1
37120	1
37375	3964
37376	1
37632	1
37887	11810
37888	1
38144	11810
38400	1
38656	11810
38912	1
39168	11810
39424	1
39680	1
39936	194
40192	1
40447	217
40448	1
40704	1
40960	1
41216	1
41471	74
41472	1
41728	1
41984	15
42240	11810
42307	1
42496	1
42562	1
42752	11810
43008	1
43264	11810
43520	11810
43776	1
43850	1
43851	1
44032	11810
44106	1
44107	1
44287	21
44288	11
44544	1
44800	11810
45056	11810
45312	11810
45568	11810
45824	11810
46080	1
46336	11810
46592	11810
46848	11810
47104	3
47360	11810
47616	11810
47872	11810
48127	1
48384	5
48640	572
49152	330
49408	11810
49664	11810
49920	11810
50432	21
51200	11810
51456	11810
51712	11810
52480	3
52736	11810
65024	11810
65279	2
65280	1
65281	1
65333	84
65357	23
65367	421
65373	11810
65398	1
65410	163
65535	1
