0	1
1	1
2	1
3	1
4	1
5	1
6	1
7	1
8	1
9	1
10	1
11	1
12	1
13	1
14	1
15	1
16	1
17	1
18	1
19	1
20	1
21	1
22	1
23	1
24	1
25	1
26	1
27	1
28	1
29	1
30	1
31	1
32	1
33	1
34	1
35	1
36	1
37	1
38	1
39	1
40	1
41	1
42	1
43	1
44	1
45	1
46	1
47	1
48	1
49	1
50	1
51	1
52	1
53	1
54	1
55	1
56	1
57	1
58	1
59	1
60	1
61	1
62	1
63	1
64	1
65	1
66	1
67	1
68	1
69	1
70	1
71	1
72	1
73	1
74	1
75	1
76	1
77	1
78	1
79	1
80	1
81	1
82	1
83	1
84	1
85	1
86	1
87	1
88	1
89	1
90	1
91	1
92	1
93	1
94	1
95	1
96	1
97	1
98	1
99	1
100	1
101	1
102	1
103	1
104	1
105	1
106	1
107	1
108	1
109	1
110	1
111	1
112	1
113	1
114	1
115	1
116	1
117	1
118	1
119	1
120	1
121	1
122	1
123	1
124	1
125	1
126	1
127	1
128	1
129	1
130	1
131	1
132	1
133	1
134	1
135	1
136	1
137	1
138	1
139	1
140	1
141	1
142	1
143	1
144	1
145	1
146	1
147	1
148	1
149	1
150	1
151	1
152	1
153	1
154	1
155	1
156	1
157	1
158	1
159	1
160	1
161	1
162	1
163	1
164	1
165	1
166	1
167	1
168	1
169	1
170	1
171	1
172	1
173	1
174	1
175	1
176	1
177	1
178	1
179	1
180	1
181	1
182	1
183	1
184	1
185	1
186	1
187	1
188	1
189	1
190	1
191	1
192	1
193	1
194	1
195	1
196	1
197	1
198	1
199	1
200	1
201	1
202	1
203	1
204	1
205	1
206	1
207	1
208	1
209	1
210	1
211	1
212	1
213	1
214	1
215	1
216	1
217	1
218	1
219	1
220	1
221	1
222	1
223	1
224	1
225	1
226	1
227	1
228	1
229	1
230	1
231	1
232	1
233	1
234	1
235	1
236	1
237	1
238	1
239	1
240	1
241	1
242	1
243	1
244	1
245	1
246	1
247	1
248	1
249	1
250	1
251	1
252	1
253	1
254	1
255	1
256	1
511	1
512	1
767	1
768	1
1023	205
1024	1
1279	1
1280	1
1535	1
1536	1
1791	1
1792	1
2047	1
2048	1
2303	1
2304	1
2559	1
2560	1
2815	1
3071	1
3072	1
3327	1
3328	1
3583	1
3584	1
3839	1
3840	1
4095	1
4096	1
4326	10
4351	1
4352	1
4607	1
4608	1
4863	1
4864	1
5119	1
5120	1
5375	1
5376	1
5631	1
5632	1
5887	1
5888	1
6143	1
6144	1
6399	1
6400	1
6655	1
6656	1
6911	1
6912	1
7167	1
7168	1
7423	1
7424	1
7679	1
7680	1
7935	1
7936	1
8191	1
8192	1
8447	1
8448	1
8703	1
8704	1
8959	1
8960	1
9215	1
9216	1
9471	1
9472	1
9727	1
9728	1
9983	1
9984	1
10239	1
10240	1
10495	1
10496	1
10751	1
10752	1
11007	1
11008	1
11263	1
11264	1
11519	1
11520	1
11775	1
11776	1
12031	1
12032	1
12287	1
12288	1
12543	1
12544	1
12799	1
12800	1
13055	1
13056	1
13311	1
13312	1
13567	1
13568	1
13823	1
13824	1
14079	1
14080	1
14335	1
14336	1
14591	1
14592	1
14847	1
14848	1
15103	1
15104	1
15359	1
15360	1
15615	1
15616	1
15871	1
15872	1
16127	1
16128	1
16383	1
16384	1
16639	1
16640	1
16895	1
16896	1
17151	1
17152	1
17407	1
17408	1
17663	1
17664	1
17919	1
17920	1
18175	1
18176	1
18431	1
18432	1
18687	1
18688	1
18943	1
18944	1
19199	1
19200	1
19455	1
19456	1
19711	1
19712	1
19878	1
19879	1
19967	1
19968	1
20134	1
20135	1
20223	1
20224	1
20390	1
20391	1
20479	1
20480	1
20735	1
20736	1
20991	1
20992	1
21247	1
21248	1
21503	1
21504	1
21759	1
21760	1
22015	1
22016	1
22271	1
22272	1
22527	1
22528	1
22783	1
22784	1
23039	1
23040	1
23295	1
23296	1
23551	1
23552	1
23807	1
23808	1
24063	1
24064	1
24319	1
24320	1
24575	1
24576	1
24831	1
24832	1
25087	1
25088	1
25343	1
25344	1
25599	1
25600	1
25855	1
25856	1
26111	1
26112	1
26367	1
26368	1
26623	1
26624	1
26643	11810
26879	1
26880	1
27135	1
27136	1
27391	1
27392	1
27647	1
27648	1
27903	1
27904	1
28159	1
28160	1
28415	1
28416	1
28473	1
28474	1
28671	1
28672	1
28729	1
28730	1
28927	1
28928	1
29183	1
29184	1
29239	1
29240	1
29439	1
29440	1
29695	1
29696	1
29951	1
29952	1
30207	1
30208	1
30463	1
30464	1
30719	1
30720	1
30975	1
30976	1
31231	1
31232	1
31487	1
31488	1
31743	1
31744	1
31999	1
32000	1
32255	1
32256	1
32511	1
32512	1
32767	1
32768	1
33023	1
33024	1
33279	1
33280	1
33535	1
33536	1
33791	1
33792	1
34047	1
34048	1
34303	1
34304	1
34559	1
34560	1
34815	1
34816	1
35071	1
35072	1
35327	1
35328	1
35583	1
35584	1
35839	1
35840	1
36095	1
36096	1
36351	1
36352	1
36607	1
36608	1
36863	1
36864	1
37119	1
37120	1
37375	1
37376	1
37631	1
37632	1
37887	1
37888	1
38143	1
38144	1
38399	1
38400	1
38655	1
38656	1
38911	1
38912	1
39167	1
39168	1
39423	1
39424	1
39679	1
39680	1
39935	1
39936	1
40191	1
40192	1
40447	1
40448	1
40703	1
40704	1
40959	1
40960	1
41215	1
41216	1
41471	1
41472	1
41727	1
41728	1
41983	1
41984	1
42239	1
42240	1
42495	1
42496	1
42751	1
42752	1
43007	1
43008	1
43263	1
43264	1
43519	1
43520	1
43775	1
43776	1
44031	1
44032	1
44287	1
44288	1
44543	1
44544	1
44799	1
44800	1
45055	1
45056	1
45311	1
45312	1
45567	1
45568	1
45823	1
45824	1
46079	1
46080	1
46335	1
46336	1
46591	1
46592	1
46847	1
46848	1
47103	1
47104	1
47359	1
47360	1
47615	1
47616	1
47871	1
47872	1
48127	1
48128	1
48383	1
48384	1
48639	1
48640	1
48895	1
48896	1
49151	1
49152	1
49407	1
49408	1
49663	1
49664	1
49919	1
49920	1
50175	1
50176	1
50431	1
50432	1
50687	1
50688	1
50943	1
50944	1
51199	1
51200	1
51455	1
51456	1
51711	11810
51712	1
51967	1
51968	1
52223	1
52224	1
52479	1
52480	1
52735	1
52736	1
52991	1
52992	1
53247	1
53248	1
53503	1
53504	1
53759	1
53760	1
54015	1
54016	1
54271	1
54272	1
54527	1
54528	1
54783	1
54784	1
55039	1
55040	11810
55295	1
55296	1
55551	11810
55552	1
55807	1
55808	1
56063	1
56064	1
56319	75
56320	1
56575	658
56576	492
56831	1
56832	1
57087	1
57088	1
57343	1
57344	1
57599	117
57600	11810
57855	11263
58111	1
58112	1
58367	1
58368	1
58623	2
58624	7214
58879	1
58880	950
59135	1
59136	1
59391	1
59647	3
59903	11810
59904	11810
60159	1
60160	11810
60415	11810
60416	2106
60671	9694
60672	1415
60927	11810
61183	11810
61439	11810
61695	11810
61696	55
61951	11810
62207	7340
62463	9302
62719	1
62975	11810
63231	1
63232	48
63487	11810
63488	9
63743	11810
63999	11810
64255	11810
64256	2
64511	134
64512	11810
64767	17
64768	11810
65023	1
65024	1
65279	1
65280	1
65281	1
65282	12
65291	120
65292	11810
65296	11810
65297	11810
65298	11810
65299	11810
65300	128
65301	11810
65302	1
65303	11810
65304	11810
65305	11810
65306	11810
65307	59
65308	46
65309	1
65310	1
65311	286
65312	335
65313	1
65314	897
65315	1
65316	1
65317	1
65318	1
65319	1
65320	1
65321	1
65322	1
65323	1
65324	1
65325	1
65326	1
65327	1
65328	1
65329	1
65330	1
65331	1
65332	1
65333	1
65334	1
65335	1
65336	1
65337	1
65338	1
65339	1
65340	1
65341	1
65342	1
65343	1
65344	1
65345	1
65346	1
65347	1
65348	1
65349	1
65350	1
65351	1
65352	1
65353	1
65354	1
65355	1
65356	1
65357	1
65358	1
65359	1
65360	1
65361	1
65362	1
65363	1
65364	1
65365	1
65366	1
65367	1
65368	1
65369	1
65370	1
65371	1
65372	1
65373	1
65374	1
65375	1
65376	1
65377	1
65378	1
65379	1
65380	1
65381	1
65382	1
65383	1
65384	1
65385	37
65386	1
65387	1
65388	1
65389	1
65390	1
65391	1
65392	1
65393	1
65394	1
65395	1
65396	1
65397	1
65398	1
65399	1
65400	1
65401	1
65402	1
65403	1
65404	1
65405	1
65406	1
65407	1
65408	1
65409	1
65410	1
65411	1
65412	1
65413	1
65414	1
65415	1
65416	1
65417	1
65418	1
65419	1
65420	1
65421	1
65422	1
65423	1
65424	1
65425	1
65426	1
65427	1
65428	1
65429	1
65430	1
65431	1
65432	1
65433	1
65434	1
65435	1
65436	1
65437	1
65438	1
65439	1
65440	1
65441	1
65442	1
65443	1
65444	1
65445	3485
65446	1
65447	1
65448	1
65449	1
65450	1
65451	1
65452	1
65453	1
65454	1
65455	1
65456	1
65457	1
65458	1
65459	1
65460	1
65461	1
65462	1
65463	1
65464	1
65465	1
65466	1
65467	1
65468	1
65469	1
65470	1
65471	676
65472	1
65473	1
65474	1
65475	11810
65476	1
65477	11810
65478	1
65479	181
65480	1
65481	1
65482	6
65483	1
65484	52
65485	11
65486	1
65487	181
65488	11810
65489	11810
65490	11810
65491	6181
65492	11810
65493	10
65494	1304
65499	1
65506	1
65508	65
65513	843
65514	11810
65516	4
65517	69
65518	7
65519	11810
65520	11810
65523	6
65524	11
65526	157
65528	11810
65531	11699
65532	11810
65533	1
65534	1
65535	1
