0	2
1	2
2	2
3	2
4	2
5	2
6	2
7	2
8	2
9	2
10	2
11	2
12	2
13	2
14	2
15	2
16	2
17	2
18	2
19	2
20	2
21	2
22	2
23	2
24	2
25	2
26	2
27	2
28	2
29	2
30	2
31	2
32	2
33	2
34	2
35	2
36	2
37	2
38	2
39	2
40	2
41	2
42	2
43	2
44	2
45	2
46	2
47	2
48	2
49	2
50	2
51	2
52	2
53	2
54	2
55	2
56	2
57	2
58	2
59	2
60	2
61	2
62	2
63	2
64	2
65	2
66	2
67	2
68	2
69	2
70	2
71	2
72	2
73	2
74	2
75	2
76	2
77	2
78	2
79	2
80	2
81	2
82	2
83	2
84	2
85	2
86	2
87	2
88	2
89	2
90	2
91	2
92	2
93	2
94	2
95	2
96	2
97	2
98	2
99	2
100	2
101	2
102	2
103	2
104	2
105	2
106	2
107	2
108	2
109	2
110	2
111	2
112	2
113	2
114	2
115	2
116	2
117	2
118	2
119	2
120	2
121	2
122	2
123	2
124	2
125	2
126	2
127	2
128	2
129	2
130	2
131	2
132	2
133	2
134	2
135	2
136	2
137	2
138	2
139	2
140	2
141	2
142	2
143	2
144	2
145	2
146	2
147	2
148	2
149	2
150	2
151	2
152	2
153	2
154	2
155	2
156	2
157	2
158	2
159	2
160	2
161	2
162	2
163	2
164	2
165	2
166	2
167	2
168	2
169	2
170	2
171	2
172	2
173	2
174	2
175	2
176	2
177	2
178	2
179	2
180	2
181	2
182	2
183	2
184	2
185	2
186	2
187	2
188	2
189	2
190	2
191	2
192	2
193	2
194	2
195	2
196	2
197	2
198	2
199	2
200	2
201	2
202	2
203	2
204	2
205	2
206	2
207	2
208	2
209	2
210	2
211	2
212	2
213	2
214	2
215	2
216	2
217	2
218	2
219	2
220	2
221	2
222	2
223	2
224	2
225	2
226	2
227	2
228	2
229	2
230	2
231	2
232	2
233	2
234	2
235	2
236	2
237	2
238	2
239	2
240	2
241	2
242	2
243	2
244	2
245	2
246	2
247	2
248	2
249	2
250	2
251	2
252	2
253	2
254	2
255	2
256	2
511	2
512	2
767	2
768	2
1023	541
1024	2
1279	2
1280	2
1535	2
1536	2
1791	2
1792	2
2047	2
2048	2
2303	2
2304	2
2559	2
2560	2
2815	2
3042	1
3071	2
3072	2
3298	1
3299	1
3327	2
3328	2
3554	1
3555	1
3583	2
3584	2
3839	2
3840	2
4095	2
4096	2
4326	18
4351	2
4352	2
4607	2
4608	2
4863	2
4864	2
5119	2
5120	2
5375	2
5376	2
5631	2
5632	2
5887	2
5888	2
6143	2
6144	2
6399	2
6400	2
6655	2
6656	2
6865	1
6866	1
6867	1
6868	1
6911	2
6912	2
7121	1
7122	1
7123	1
7124	1
7125	1
7167	2
7168	2
7423	2
7424	2
7679	2
7680	2
7935	2
7936	2
8191	2
8192	2
8447	2
8448	2
8703	2
8704	2
8959	2
8960	2
9215	2
9216	2
9471	2
9472	2
9727	2
9728	2
9983	2
9984	2
10239	2
10240	2
10495	2
10496	2
10751	2
10752	2
11007	2
11008	2
11263	2
11264	2
11519	2
11520	2
11775	2
11776	2
12031	2
12032	2
12287	2
12288	2
12543	2
12544	2
12799	2
12800	2
13055	2
13056	2
13311	2
13312	2
13567	2
13568	2
13823	2
13824	2
14079	2
14080	2
14335	2
14336	2
14591	2
14592	2
14847	2
14848	2
15103	2
15104	2
15359	2
15360	2
15615	2
15616	2
15871	2
15872	2
16127	2
16128	2
16383	2
16384	2
16639	2
16640	2
16895	2
16896	2
16992	6
17151	2
17152	2
17407	2
17408	2
17663	2
17664	2
17919	2
17920	2
18175	2
18176	2
18431	2
18432	2
18687	2
18688	2
18943	2
18944	2
19199	2
19200	2
19455	2
19456	2
19711	2
19712	2
19878	1
19879	1
19967	2
19968	2
20134	1
20135	1
20223	2
20224	2
20390	1
20391	1
20479	2
20480	2
20735	2
20736	2
20991	2
20992	2
21247	2
21248	2
21503	2
21504	2
21759	2
21760	2
22015	2
22016	2
22271	2
22272	2
22527	2
22528	2
22783	2
22784	2
23039	2
23040	2
23295	2
23296	2
23551	2
23552	2
23807	2
23808	2
24063	2
24064	2
24319	2
24320	2
24575	2
24576	2
24831	2
24832	2
25087	2
25088	2
25343	2
25344	2
25599	2
25600	2
25855	2
25856	2
26111	2
26112	2
26367	2
26368	2
26623	2
26624	2
26643	23620
26879	2
26880	2
27135	2
27136	2
27391	2
27392	2
27647	2
27648	2
27903	2
27904	2
28159	2
28160	2
28415	2
28416	2
28473	1
28474	1
28671	2
28672	2
28729	1
28730	1
28927	2
28928	2
29183	2
29184	2
29239	1
29240	1
29439	2
29440	2
29695	2
29696	2
29951	2
29952	2
30207	2
30208	2
30463	2
30464	2
30719	2
30720	2
30975	2
30976	2
31231	2
31232	2
31487	2
31488	2
31743	2
31744	2
31999	2
32000	2
32255	2
32256	2
32511	2
32512	2
32767	2
32768	2
33023	2
33024	2
33279	2
33280	2
33535	2
33536	2
33791	2
33792	2
33877	3
34047	2
34048	2
34303	2
34304	2
34559	2
34560	2
34815	2
34816	2
35071	2
35072	2
35327	2
35328	2
35583	2
35584	2
35839	2
35840	2
36095	2
36096	2
36351	2
36352	2
36607	2
36608	2
36863	2
36864	2
37119	2
37120	2
37375	2
37376	2
37631	2
37632	2
37887	2
37888	2
38143	2
38144	2
38399	2
38400	2
38655	2
38656	2
38911	2
38912	2
39167	2
39168	2
39423	2
39424	2
39679	2
39680	2
39935	2
39936	2
40191	2
40192	2
40447	2
40448	2
40703	2
40704	2
40959	2
40960	2
41215	2
41216	2
41471	2
41472	2
41727	2
41728	2
41983	2
41984	2
42239	2
42240	2
42495	2
42496	2
42751	2
42752	2
43007	2
43008	2
43263	2
43264	2
43519	2
43520	2
43775	2
43776	2
44031	2
44032	2
44287	2
44288	2
44543	2
44544	2
44799	2
44800	2
45055	2
45056	2
45311	2
45312	2
45567	2
45568	2
45823	2
45824	2
46079	2
46080	2
46118	1
46119	1
46335	2
46336	2
46591	2
46592	2
46847	2
46848	2
47103	2
47104	2
47359	2
47360	2
47615	2
47616	2
47871	2
47872	2
48127	2
48128	2
48383	2
48384	2
48639	2
48640	2
48895	2
48896	2
49151	2
49152	2
49407	2
49408	2
49663	2
49664	2
49919	2
49920	2
50175	2
50176	2
50431	2
50432	2
50687	2
50688	2
50943	2
50944	2
51199	2
51200	2
51455	2
51456	2
51711	23620
51712	2
51967	2
51968	2
52223	2
52224	2
52479	2
52480	2
52735	2
52736	2
52991	2
52992	2
53247	2
53248	2
53503	2
53504	2
53759	2
53760	2
54015	2
54016	2
54271	2
54272	2
54527	2
54528	2
54783	2
54784	2
55039	2
55040	23620
55295	2
55296	2
55551	23620
55552	2
55807	4
55808	3
55999	1
56063	2
56064	2
56254	1
56255	1
56256	1
56257	1
56319	739
56320	2
56511	1
56575	4521
56576	1678
56831	2
56832	2
57087	2
57088	3
57343	2
57344	2
57599	1045
57600	23620
57855	23073
58111	2
58112	2
58367	2
58368	2
58623	20
58624	18815
58879	2
58880	2357
59135	2
59136	2
59391	6
59392	1
59647	26
59903	23620
59904	23620
60159	2
60160	23620
60415	23620
60416	5933
60671	12437
60672	2054
60927	23620
61183	23620
61439	23620
61695	23620
61696	80
61951	23620
62207	19150
62463	21112
62719	2
62975	23620
63231	3
63232	66
63487	23620
63488	15
63743	23620
63999	23620
64255	23620
64256	3
64511	1551
64512	23620
64767	338
64768	23620
65023	2
65024	2
65279	2
65280	2
65281	2
65282	29
65291	240
65292	23620
65296	23620
65297	23620
65298	23620
65299	23620
65300	344
65301	23620
65302	2
65303	23620
65304	23620
65305	23620
65306	23620
65307	143
65308	103
65309	2
65310	2
65311	875
65312	667
65313	2
65314	2941
65315	2
65316	2
65317	2
65318	2
65319	2
65320	2
65321	2
65322	2
65323	2
65324	2
65325	2
65326	2
65327	2
65328	2
65329	2
65330	2
65331	2
65332	2
65333	2
65334	2
65335	2
65336	2
65337	2
65338	2
65339	2
65340	2
65341	2
65342	2
65343	2
65344	2
65345	2
65346	2
65347	2
65348	2
65349	2
65350	2
65351	2
65352	2
65353	2
65354	2
65355	2
65356	2
65357	2
65358	2
65359	2
65360	2
65361	2
65362	2
65363	2
65364	2
65365	2
65366	2
65367	2
65368	2
65369	2
65370	2
65371	2
65372	2
65373	2
65374	2
65375	2
65376	2
65377	2
65378	2
65379	2
65380	2
65381	2
65382	2
65383	2
65384	2
65385	114
65386	2
65387	2
65388	2
65389	2
65390	2
65391	2
65392	2
65393	2
65394	2
65395	2
65396	2
65397	2
65398	2
65399	2
65400	2
65401	2
65402	2
65403	2
65404	2
65405	2
65406	2
65407	2
65408	2
65409	2
65410	2
65411	2
65412	2
65413	2
65414	2
65415	2
65416	2
65417	2
65418	2
65419	2
65420	2
65421	2
65422	2
65423	2
65424	2
65425	2
65426	2
65427	2
65428	2
65429	2
65430	2
65431	2
65432	2
65433	2
65434	2
65435	2
65436	2
65437	2
65438	2
65439	2
65440	2
65441	2
65442	2
65443	2
65444	2
65445	10396
65446	2
65447	2
65448	2
65449	2
65450	2
65451	2
65452	2
65453	2
65454	2
65455	2
65456	2
65457	2
65458	2
65459	2
65460	2
65461	2
65462	2
65463	2
65464	2
65465	2
65466	2
65467	2
65468	2
65469	2
65470	2
65471	3162
65472	2
65473	2
65474	2
65475	23620
65476	2
65477	23620
65478	2
65479	472
65480	2
65481	2
65482	19
65483	2
65484	411
65485	69
65486	2
65487	801
65488	23620
65489	23620
65490	23620
65491	17991
65492	23620
65493	12
65494	1963
65499	1
65506	1
65508	88
65513	1245
65514	23620
65516	4
65517	98
65518	10
65519	23620
65520	21313
65523	10
65524	13
65526	228
65528	23620
65531	23509
65532	23620
65533	2
65534	2
65535	2
