0	3
1	3
2	3
3	3
4	3
5	3
6	3
7	3
8	3
9	3
10	3
11	3
12	3
13	3
14	3
15	3
16	3
17	3
18	3
19	3
20	3
21	3
22	3
23	3
24	3
25	3
26	3
27	3
28	3
29	3
30	3
31	3
32	3
33	3
34	3
35	3
36	3
37	3
38	3
39	3
40	3
41	3
42	3
43	3
44	3
45	3
46	3
47	3
48	3
49	3
50	3
51	3
52	3
53	3
54	3
55	3
56	3
57	3
58	3
59	3
60	3
61	3
62	3
63	3
64	3
65	3
66	3
67	3
68	3
69	3
70	3
71	3
72	3
73	3
74	3
75	3
76	3
77	3
78	3
79	3
80	3
81	3
82	3
83	3
84	3
85	3
86	3
87	3
88	3
89	3
90	3
91	3
92	3
93	3
94	3
95	3
96	3
97	3
98	3
99	3
100	3
101	3
102	3
103	3
104	3
105	3
106	3
107	3
108	3
109	3
110	3
111	3
112	3
113	3
114	3
115	3
116	3
117	3
118	3
119	3
120	3
121	3
122	3
123	3
124	3
125	3
126	3
127	3
128	3
129	3
130	3
131	3
132	3
133	3
134	3
135	3
136	3
137	3
138	3
139	3
140	3
141	3
142	3
143	3
144	3
145	3
146	3
147	3
148	3
149	3
150	3
151	3
152	3
153	3
154	3
155	3
156	3
157	3
158	3
159	3
160	3
161	3
162	3
163	3
164	3
165	3
166	3
167	3
168	3
169	3
170	3
171	3
172	3
173	3
174	3
175	3
176	3
177	3
178	3
179	3
180	3
181	3
182	3
183	3
184	3
185	3
186	3
187	3
188	3
189	3
190	3
191	3
192	3
193	3
194	3
195	3
196	3
197	3
198	3
199	3
200	3
201	3
202	3
203	3
204	3
205	3
206	3
207	3
208	3
209	3
210	3
211	3
212	3
213	3
214	3
215	3
216	3
217	3
218	3
219	3
220	3
221	3
222	3
223	3
224	3
225	3
226	3
227	3
228	3
229	3
230	3
231	3
232	3
233	3
234	3
235	3
236	3
237	3
238	3
239	3
240	3
241	3
242	3
243	3
244	3
245	3
246	3
247	3
248	3
249	3
250	3
251	3
252	3
253	3
254	3
255	3
256	3
511	3
512	3
767	3
768	3
1023	1534
1024	3
1279	3
1280	3
1535	3
1536	3
1791	3
1792	3
2047	3
2048	3
2303	3
2304	3
2559	3
2560	3
2815	3
3042	1
3071	3
3072	3
3298	1
3299	1
3327	3
3328	3
3554	1
3555	1
3583	3
3584	3
3839	3
3840	3
4095	3
4096	3
4326	29
4351	3
4352	3
4607	3
4608	3
4863	3
4864	3
5119	3
5120	3
5375	3
5376	3
5631	3
5632	3
5887	3
5888	3
6143	3
6144	3
6399	3
6400	3
6655	3
6656	3
6865	1
6866	1
6867	1
6868	1
6911	3
6912	3
7121	1
7122	1
7123	1
7124	1
7125	1
7167	3
7168	3
7423	3
7424	3
7679	3
7680	3
7935	3
7936	3
8191	3
8192	3
8447	3
8448	3
8703	3
8704	3
8959	3
8960	3
9215	3
9216	3
9471	3
9472	3
9727	3
9728	3
9983	3
9984	3
10239	3
10240	3
10495	3
10496	3
10751	3
10752	3
11007	3
11008	3
11263	3
11264	3
11519	3
11520	3
11775	3
11776	3
12031	3
12032	3
12287	3
12288	3
12543	3
12544	3
12799	3
12800	3
13055	3
13056	3
13311	3
13312	3
13567	3
13568	3
13823	3
13824	3
14079	3
14080	3
14335	3
14336	3
14591	3
14592	3
14847	3
14848	3
15103	3
15104	3
15359	3
15360	3
15615	3
15616	3
15871	3
15872	3
16127	3
16128	3
16383	3
16384	3
16639	3
16640	3
16895	3
16896	3
16992	6
17151	3
17152	3
17407	3
17408	3
17663	3
17664	3
17919	3
17920	3
18175	3
18176	3
18431	3
18432	3
18687	3
18688	3
18943	3
18944	3
19199	3
19200	3
19455	3
19456	3
19711	3
19712	3
19878	1
19879	1
19967	3
19968	3
20134	1
20135	1
20223	3
20224	3
20390	1
20391	1
20479	3
20480	3
20735	3
20736	3
20991	3
20992	3
21247	3
21248	3
21503	3
21504	3
21759	3
21760	3
22015	3
22016	3
22271	3
22272	3
22527	3
22528	3
22783	3
22784	3
23039	3
23040	3
23295	3
23296	3
23551	3
23552	3
23807	3
23808	3
24063	3
24064	3
24319	3
24320	3
24575	3
24576	3
24831	3
24832	3
25087	3
25088	3
25343	3
25344	3
25599	3
25600	3
25855	3
25856	3
26111	3
26112	3
26367	3
26368	3
26623	3
26624	3
26643	35430
26879	3
26880	3
27135	3
27136	3
27391	3
27392	3
27647	3
27648	3
27903	3
27904	3
28159	3
28160	3
28415	3
28416	3
28473	1
28474	1
28671	3
28672	3
28729	1
28730	1
28927	3
28928	3
29183	3
29184	3
29239	1
29240	1
29439	3
29440	3
29695	3
29696	3
29951	3
29952	3
30207	3
30208	3
30463	3
30464	3
30719	3
30720	3
30975	3
30976	3
31231	3
31232	3
31487	3
31488	3
31743	3
31744	3
31999	3
32000	3
32255	3
32256	3
32511	3
32512	3
32767	3
32768	3
33023	3
33024	3
33279	3
33280	3
33535	3
33536	3
33791	3
33792	3
33877	3
34047	3
34048	3
34303	3
34304	3
34559	3
34560	3
34815	3
34816	3
35071	3
35072	3
35327	3
35328	3
35583	3
35584	3
35839	3
35840	3
36095	3
36096	3
36351	3
36352	3
36607	3
36608	3
36863	3
36864	3
37119	3
37120	3
37375	3
37376	3
37631	3
37632	3
37887	3
37888	3
38143	3
38144	3
38399	3
38400	3
38655	3
38656	3
38911	3
38912	3
39167	3
39168	3
39398	1
39399	1
39423	3
39424	3
39654	1
39655	1
39679	3
39680	3
39935	3
39936	3
40191	3
40192	3
40447	3
40448	3
40703	3
40704	3
40959	3
40960	3
41215	3
41216	3
41471	3
41472	3
41727	3
41728	3
41983	3
41984	3
42239	3
42240	3
42495	3
42496	3
42751	3
42752	3
43007	3
43008	3
43263	3
43264	3
43519	3
43520	3
43775	3
43776	3
44031	3
44032	3
44287	3
44288	3
44543	3
44544	3
44799	3
44800	3
45055	3
45056	3
45311	3
45312	3
45567	3
45568	3
45823	3
45824	3
46079	3
46080	3
46118	1
46119	1
46335	3
46336	3
46591	3
46592	3
46847	3
46848	3
47103	3
47104	3
47359	3
47360	3
47615	3
47616	3
47871	3
47872	3
48127	3
48128	3
48383	3
48384	3
48639	3
48640	3
48895	3
48896	3
49151	3
49152	3
49407	3
49408	3
49663	3
49664	3
49919	3
49920	3
50175	3
50176	3
50431	3
50432	3
50687	3
50688	3
50943	3
50944	3
51199	3
51200	3
51455	3
51456	3
51711	35430
51712	3
51967	3
51968	3
52223	3
52224	3
52479	3
52480	3
52735	3
52736	3
52991	3
52992	3
53247	3
53248	3
53503	3
53504	3
53759	3
53760	3
54015	3
54016	3
54271	3
54272	3
54527	3
54528	3
54783	3
54784	3
55039	3
55040	35430
55295	3
55296	3
55551	35430
55552	3
55807	22
55808	13
55999	1
56063	3
56064	3
56254	1
56255	1
56256	1
56257	1
56319	4662
56320	3
56511	1
56575	16331
56576	5379
56831	3
56832	3
57087	4
57088	4
57343	3
57344	3
57599	8242
57600	35430
57855	34883
58111	3
58112	3
58367	32
58368	3
58623	230
58624	30625
58879	3
58880	6290
59135	3
59136	3
59391	70
59392	1
59647	228
59903	32332
59904	35430
60159	3
60160	35430
60415	25990
60416	14168
60671	13022
60672	2363
60927	35430
61183	35430
61439	33639
61695	35430
61696	89
61951	35430
62207	30960
62463	32922
62719	3
62975	35430
63231	18
63232	76
63487	35430
63488	19
63743	35430
63999	28638
64255	35430
64256	4
64511	12400
64512	35430
64767	2697
64768	35430
65023	3
65024	3
65279	3
65280	3
65281	3
65282	35
65291	275
65292	35430
65296	35430
65297	35430
65298	35430
65299	35430
65300	1067
65301	35430
65302	7
65303	35430
65304	35430
65305	35430
65306	35430
65307	358
65308	525
65309	3
65310	4
65311	2920
65312	2384
65313	3
65314	8681
65315	3
65316	3
65317	3
65318	3
65319	3
65320	3
65321	3
65322	3
65323	3
65324	3
65325	3
65326	3
65327	3
65328	3
65329	3
65330	3
65331	3
65332	3
65333	3
65334	3
65335	3
65336	3
65337	3
65338	3
65339	3
65340	3
65341	3
65342	3
65343	3
65344	3
65345	3
65346	3
65347	3
65348	3
65349	3
65350	3
65351	3
65352	3
65353	3
65354	3
65355	3
65356	3
65357	3
65358	3
65359	3
65360	3
65361	3
65362	3
65363	3
65364	3
65365	3
65366	3
65367	3
65368	3
65369	3
65370	3
65371	3
65372	3
65373	3
65374	3
65375	3
65376	3
65377	3
65378	3
65379	3
65380	3
65381	3
65382	3
65383	3
65384	3
65385	558
65386	3
65387	3
65388	3
65389	3
65390	3
65391	3
65392	3
65393	3
65394	3
65395	3
65396	3
65397	3
65398	3
65399	3
65400	3
65401	3
65402	3
65403	3
65404	3
65405	3
65406	3
65407	3
65408	3
65409	3
65410	3
65411	3
65412	3
65413	3
65414	3
65415	3
65416	3
65417	3
65418	3
65419	3
65420	3
65421	3
65422	3
65423	3
65424	3
65425	3
65426	3
65427	3
65428	3
65429	3
65430	3
65431	3
65432	3
65433	3
65434	3
65435	3
65436	3
65437	3
65438	3
65439	3
65440	3
65441	3
65442	3
65443	3
65444	3
65445	22206
65446	3
65447	3
65448	3
65449	3
65450	3
65451	3
65452	3
65453	3
65454	3
65455	3
65456	3
65457	3
65458	3
65459	3
65460	3
65461	3
65462	3
65463	3
65464	3
65465	3
65466	3
65467	3
65468	3
65469	3
65470	3
65471	13584
65472	3
65473	3
65474	3
65475	35430
65476	3
65477	35430
65478	3
65479	2600
65480	3
65481	3
65482	111
65483	3
65484	2619
65485	585
65486	6
65487	3520
65488	35430
65489	35430
65490	35430
65491	29801
65492	35430
65493	14
65494	2145
65499	1
65506	1
65508	93
65513	1316
65514	26801
65516	4
65517	100
65518	11
65519	32990
65520	24226
65523	10
65524	14
65526	234
65528	35430
65531	35319
65532	35430
65533	3
65534	3
65535	3
