0	4
1	4
2	4
3	4
4	4
5	4
6	4
7	4
8	4
9	4
10	4
11	4
12	4
13	4
14	4
15	4
16	4
17	4
18	4
19	4
20	4
21	4
22	4
23	4
24	4
25	4
26	4
27	4
28	4
29	4
30	4
31	4
32	4
33	4
34	4
35	4
36	4
37	4
38	4
39	4
40	4
41	4
42	4
43	4
44	4
45	4
46	4
47	4
48	4
49	4
50	4
51	4
52	4
53	4
54	4
55	4
56	4
57	4
58	4
59	4
60	4
61	4
62	4
63	4
64	4
65	4
66	4
67	4
68	4
69	4
70	4
71	4
72	4
73	4
74	4
75	4
76	4
77	4
78	4
79	4
80	4
81	4
82	4
83	4
84	4
85	4
86	4
87	4
88	4
89	4
90	4
91	4
92	4
93	4
94	4
95	4
96	4
97	4
98	4
99	4
100	4
101	4
102	4
103	4
104	4
105	4
106	4
107	4
108	4
109	4
110	4
111	4
112	4
113	4
114	4
115	4
116	4
117	4
118	4
119	4
120	4
121	4
122	4
123	4
124	4
125	4
126	4
127	4
128	4
129	4
130	4
131	4
132	4
133	4
134	4
135	4
136	4
137	4
138	4
139	4
140	4
141	4
142	4
143	4
144	4
145	4
146	4
147	4
148	4
149	4
150	4
151	4
152	4
153	4
154	4
155	4
156	4
157	4
158	4
159	4
160	4
161	4
162	4
163	4
164	4
165	4
166	4
167	4
168	4
169	4
170	4
171	4
172	4
173	4
174	4
175	4
176	4
177	4
178	4
179	4
180	4
181	4
182	4
183	4
184	4
185	4
186	4
187	4
188	4
189	4
190	4
191	4
192	4
193	4
194	4
195	4
196	4
197	4
198	4
199	4
200	4
201	4
202	4
203	4
204	4
205	4
206	4
207	4
208	4
209	4
210	4
211	4
212	4
213	4
214	4
215	4
216	4
217	4
218	4
219	4
220	4
221	4
222	4
223	4
224	4
225	4
226	4
227	4
228	4
229	4
230	4
231	4
232	4
233	4
234	4
235	4
236	4
237	4
238	4
239	4
240	4
241	4
242	4
243	4
244	4
245	4
246	4
247	4
248	4
249	4
250	4
251	4
252	4
253	4
254	4
255	4
256	4
511	4
512	4
767	4
768	4
1023	4856
1024	4
1279	4
1280	4
1535	4
1536	4
1791	4
1792	4
2047	4
2048	4
2303	4
2304	4
2559	4
2560	4
2815	4
3042	1
3071	4
3072	4
3298	1
3299	1
3327	4
3328	4
3554	1
3555	1
3583	4
3584	4
3839	4
3840	4
4095	4
4096	4
4326	39
4351	4
4352	4
4607	4
4608	4
4863	4
4864	4
5119	4
5120	4
5375	4
5376	4
5631	4
5632	4
5887	4
5888	4
6143	4
6144	4
6399	4
6400	4
6655	4
6656	4
6865	1
6866	1
6867	1
6868	1
6911	4
6912	4
7121	1
7122	1
7123	1
7124	1
7125	1
7167	4
7168	4
7423	4
7424	4
7679	4
7680	4
7935	4
7936	4
8191	4
8192	4
8447	4
8448	4
8703	4
8704	4
8959	4
8960	4
9215	4
9216	4
9471	4
9472	4
9727	4
9728	4
9983	4
9984	4
10239	4
10240	4
10495	4
10496	4
10751	4
10752	4
11007	4
11008	4
11218	1
11219	1
11263	4
11264	4
11473	1
11474	1
11475	1
11476	1
11519	4
11520	4
11731	1
11732	1
11775	4
11776	4
12031	4
12032	4
12287	4
12288	4
12543	4
12544	4
12799	4
12800	4
13055	4
13056	4
13311	4
13312	4
13567	4
13568	4
13823	4
13824	4
14079	4
14080	4
14335	4
14336	4
14591	4
14592	4
14847	4
14848	4
15103	4
15104	4
15359	4
15360	4
15615	4
15616	4
15639	1
15871	4
15872	4
16127	4
16128	4
16383	4
16384	4
16639	4
16640	4
16895	4
16896	4
16992	6
17151	4
17152	4
17407	4
17408	4
17663	4
17664	4
17919	4
17920	4
18175	4
18176	4
18431	4
18432	4
18687	4
18688	4
18943	4
18944	4
19199	4
19200	4
19455	4
19456	4
19711	4
19712	4
19878	1
19879	1
19967	4
19968	4
20134	1
20135	1
20223	4
20224	4
20390	1
20391	1
20479	4
20480	4
20735	4
20736	4
20991	4
20992	4
21247	4
21248	4
21503	4
21504	4
21759	4
21760	4
22015	4
22016	4
22271	4
22272	4
22527	4
22528	4
22783	4
22784	4
23039	4
23040	4
23295	4
23296	4
23551	4
23552	4
23807	4
23808	4
24063	4
24064	4
24319	4
24320	4
24575	4
24576	4
24831	4
24832	4
25087	4
25088	4
25343	4
25344	4
25599	4
25600	4
25855	4
25856	4
26111	4
26112	4
26367	4
26368	4
26623	4
26624	4
26643	47240
26879	4
26880	4
27135	4
27136	4
27391	4
27392	4
27647	4
27648	4
27903	4
27904	4
28159	4
28160	4
28415	4
28416	4
28473	1
28474	1
28671	4
28672	4
28729	1
28730	1
28927	4
28928	4
29183	4
29184	4
29239	1
29240	1
29439	4
29440	4
29695	4
29696	4
29951	4
29952	4
30207	4
30208	4
30463	4
30464	4
30719	4
30720	4
30975	4
30976	4
31231	4
31232	4
31487	4
31488	4
31743	4
31744	4
31999	4
32000	4
32255	4
32256	4
32511	4
32512	4
32767	4
32768	4
33023	4
33024	4
33279	4
33280	4
33535	4
33536	4
33791	4
33792	4
33877	5
34047	4
34048	4
34303	4
34304	4
34559	4
34560	4
34815	4
34816	4
35071	4
35072	4
35327	4
35328	4
35583	4
35584	4
35839	4
35840	4
36095	4
36096	4
36351	4
36352	4
36607	4
36608	4
36863	4
36864	4
37119	4
37120	4
37375	4
37376	4
37631	4
37632	4
37887	4
37888	4
38143	4
38144	4
38399	4
38400	4
38655	4
38656	4
38911	4
38912	4
39167	4
39168	4
39398	1
39399	1
39423	4
39424	4
39654	1
39655	1
39679	4
39680	4
39935	4
39936	4
40191	4
40192	4
40447	4
40448	4
40703	4
40704	4
40959	4
40960	4
41215	4
41216	4
41471	4
41472	4
41727	4
41728	4
41983	4
41984	4
42239	4
42240	4
42495	4
42496	4
42751	4
42752	4
43007	4
43008	4
43263	4
43264	4
43519	4
43520	4
43775	4
43776	4
44031	4
44032	4
44287	4
44288	4
44543	4
44544	4
44799	4
44800	4
45055	4
45056	4
45311	4
45312	4
45567	4
45568	4
45823	4
45824	4
46079	4
46080	4
46118	1
46119	1
46335	4
46336	4
46591	4
46592	4
46847	4
46848	4
47103	4
47104	4
47359	4
47360	4
47615	4
47616	4
47871	4
47872	4
48127	4
48128	4
48383	4
48384	4
48639	4
48640	4
48895	4
48896	4
49151	4
49152	4
49407	4
49408	4
49663	4
49664	4
49919	4
49920	4
50175	4
50176	4
50431	4
50432	4
50687	4
50688	4
50943	4
50944	4
51199	4
51200	4
51455	4
51456	4
51711	47240
51712	4
51967	4
51968	4
52223	4
52224	4
52479	4
52480	4
52735	4
52736	4
52991	4
52992	4
53247	4
53248	4
53503	4
53504	4
53759	4
53760	4
54015	4
54016	4
54271	13
54272	4
54527	4
54528	4
54783	4
54784	4
55039	4
55040	47240
55295	4
55296	4
55551	47240
55552	4
55807	127
55808	37
55999	1
56063	4
56064	4
56254	1
56255	1
56256	1
56257	1
56319	13747
56320	4
56511	1
56575	28141
56576	10155
56831	4
56832	4
57087	24
57088	8
57343	4
57344	4
57599	20052
57600	47240
57855	46693
57906	76
58111	4
58112	4
58367	111
58368	4
58623	996
58624	42435
58879	4
58880	13279
59135	6
59136	4
59391	279
59392	1
59647	857
59903	37567
59904	47240
60159	5
60160	47240
60415	27093
60416	25978
60671	13234
60672	2558
60927	47240
61183	47240
61439	37925
61695	47240
61696	94
61951	47240
62207	42770
62463	44732
62719	4
62975	47240
63231	77
63232	78
63487	47240
63488	19
63743	46025
63999	31189
64255	47240
64256	4
64511	24210
64512	47240
64767	8387
64768	46930
65023	4
65024	4
65279	4
65280	4
65281	4
65282	37
65291	288
65292	47240
65296	47240
65297	47240
65298	47240
65299	47240
65300	2768
65301	47240
65302	19
65303	47240
65304	47240
65305	47240
65306	47240
65307	863
65308	1925
65309	4
65310	6
65311	9626
65312	6222
65313	4
65314	19676
65315	4
65316	8
65317	4
65318	4
65319	4
65320	4
65321	4
65322	4
65323	4
65324	4
65325	4
65326	4
65327	4
65328	4
65329	4
65330	4
65331	4
65332	4
65333	4
65334	4
65335	4
65336	4
65337	4
65338	4
65339	4
65340	4
65341	4
65342	4
65343	4
65344	4
65345	4
65346	4
65347	4
65348	4
65349	4
65350	4
65351	4
65352	4
65353	4
65354	4
65355	4
65356	4
65357	4
65358	4
65359	4
65360	6
65361	4
65362	4
65363	4
65364	4
65365	4
65366	4
65367	4
65368	4
65369	4
65370	4
65371	4
65372	4
65373	4
65374	4
65375	4
65376	4
65377	4
65378	4
65379	4
65380	4
65381	4
65382	4
65383	4
65384	4
65385	1911
65386	4
65387	4
65388	4
65389	4
65390	4
65391	4
65392	4
65393	4
65394	4
65395	4
65396	4
65397	4
65398	4
65399	4
65400	4
65401	4
65402	4
65403	4
65404	4
65405	4
65406	4
65407	4
65408	4
65409	4
65410	4
65411	4
65412	4
65413	4
65414	4
65415	4
65416	4
65417	4
65418	4
65419	4
65420	4
65421	4
65422	4
65423	4
65424	4
65425	4
65426	4
65427	4
65428	4
65429	4
65430	4
65431	4
65432	4
65433	4
65434	4
65435	4
65436	4
65437	4
65438	4
65439	4
65440	4
65441	4
65442	4
65443	4
65444	4
65445	34016
65446	4
65447	4
65448	4
65449	4
65450	4
65451	4
65452	4
65453	4
65454	4
65455	4
65456	4
65457	4
65458	4
65459	4
65460	5
65461	4
65462	4
65463	4
65464	4
65465	4
65466	4
65467	4
65468	4
65469	4
65470	4
65471	25394
65472	4
65473	4
65474	4
65475	47240
65476	4
65477	47240
65478	4
65479	8697
65480	4
65481	4
65482	494
65483	4
65484	8743
65485	1690
65486	20
65487	12138
65488	47240
65489	47240
65490	47240
65491	41611
65492	47240
65493	15
65494	2252
65499	1
65506	1
65508	94
65513	1337
65514	28373
65516	4
65517	101
65518	11
65519	37235
65520	25376
65523	10
65524	14
65526	239
65528	47240
65531	47129
65532	47240
65533	4
65534	4
65535	4
