0	5
1	5
2	5
3	5
4	5
5	5
6	5
7	5
8	5
9	5
10	5
11	5
12	5
13	5
14	5
15	5
16	5
17	5
18	5
19	5
20	5
21	5
22	5
23	5
24	5
25	5
26	5
27	5
28	5
29	5
30	5
31	5
32	5
33	5
34	5
35	5
36	5
37	5
38	5
39	5
40	5
41	5
42	5
43	5
44	5
45	5
46	5
47	5
48	5
49	5
50	5
51	5
52	5
53	5
54	5
55	5
56	5
57	5
58	5
59	5
60	5
61	5
62	5
63	5
64	5
65	5
66	5
67	5
68	5
69	5
70	5
71	5
72	5
73	5
74	5
75	5
76	5
77	5
78	5
79	5
80	5
81	5
82	5
83	5
84	5
85	5
86	5
87	5
88	5
89	5
90	5
91	5
92	5
93	5
94	5
95	5
96	5
97	5
98	5
99	5
100	5
101	5
102	5
103	5
104	5
105	5
106	5
107	5
108	5
109	5
110	5
111	5
112	5
113	5
114	5
115	5
116	5
117	5
118	5
119	5
120	5
121	5
122	5
123	5
124	5
125	5
126	5
127	5
128	5
129	5
130	5
131	5
132	5
133	5
134	5
135	5
136	5
137	5
138	5
139	5
140	5
141	5
142	5
143	5
144	5
145	5
146	5
147	5
148	5
149	5
150	5
151	5
152	5
153	5
154	5
155	5
156	5
157	5
158	5
159	5
160	5
161	5
162	5
163	5
164	5
165	5
166	5
167	5
168	5
169	5
170	5
171	5
172	5
173	5
174	5
175	5
176	5
177	5
178	5
179	5
180	5
181	5
182	5
183	5
184	5
185	5
186	5
187	5
188	5
189	5
190	5
191	5
192	5
193	5
194	5
195	5
196	5
197	5
198	5
199	5
200	5
201	5
202	5
203	5
204	5
205	5
206	5
207	5
208	5
209	5
210	5
211	5
212	5
213	5
214	5
215	5
216	5
217	5
218	5
219	5
220	5
221	5
222	5
223	5
224	5
225	5
226	5
227	5
228	5
229	5
230	5
231	5
232	5
233	5
234	5
235	5
236	5
237	5
238	5
239	5
240	5
241	5
242	5
243	5
244	5
245	5
246	5
247	5
248	5
249	5
250	5
251	5
252	5
253	5
254	5
255	5
256	5
511	5
512	5
767	5
768	5
1023	12927
1024	5
1279	5
1280	5
1535	5
1536	5
1791	5
1792	5
2047	5
2048	5
2303	5
2304	5
2559	5
2560	5
2815	5
3021	1
3022	1
3042	1
3071	5
3072	5
3277	1
3278	1
3298	1
3299	1
3327	5
3328	5
3554	1
3555	1
3583	5
3584	5
3839	5
3840	5
4095	5
4096	5
4326	45
4351	5
4352	5
4607	5
4608	5
4863	5
4864	5
5119	5
5120	5
5375	5
5376	5
5631	5
5632	5
5887	5
5888	5
6143	5
6144	5
6399	5
6400	5
6655	5
6656	5
6865	1
6866	1
6867	1
6868	1
6911	5
6912	5
7121	1
7122	1
7123	1
7124	1
7125	1
7167	5
7168	5
7423	5
7424	5
7679	5
7680	5
7935	5
7936	5
8191	5
8192	5
8447	5
8448	5
8703	5
8704	5
8959	5
8960	5
9215	5
9216	5
9471	5
9472	5
9727	5
9728	5
9983	5
9984	5
10239	5
10240	5
10495	5
10496	5
10751	5
10752	5
11007	5
11008	5
11218	1
11219	1
11263	5
11264	5
11473	1
11474	1
11475	1
11476	1
11519	5
11520	5
11731	1
11732	1
11775	5
11776	5
12031	5
12032	5
12287	5
12288	5
12543	5
12544	5
12799	5
12800	5
13055	5
13056	5
13311	5
13312	5
13567	5
13568	5
13823	5
13824	5
14079	5
14080	5
14335	5
14336	5
14591	5
14592	5
14847	5
14848	5
15103	5
15104	5
15359	5
15360	5
15615	5
15616	5
15639	1
15871	5
15872	5
16127	5
16128	5
16383	5
16384	5
16639	5
16640	5
16895	5
16896	5
16992	7
17151	5
17152	5
17407	5
17408	5
17663	5
17664	5
17919	5
17920	5
18175	5
18176	5
18431	5
18432	5
18687	5
18688	5
18943	5
18944	5
19199	5
19200	5
19455	5
19456	5
19711	5
19712	5
19878	1
19879	1
19967	5
19968	5
20134	1
20135	1
20223	5
20224	5
20390	1
20391	1
20479	5
20480	5
20735	5
20736	5
20991	5
20992	5
21247	5
21248	5
21503	5
21504	5
21759	5
21760	5
22015	5
22016	5
22271	5
22272	5
22527	5
22528	5
22783	5
22784	5
23039	5
23040	5
23295	5
23296	5
23551	5
23552	5
23807	5
23808	5
24063	5
24064	5
24319	5
24320	5
24575	5
24576	5
24831	5
24832	5
25087	5
25088	5
25343	5
25344	5
25599	5
25600	5
25855	5
25856	5
26111	5
26112	5
26367	5
26368	5
26623	5
26624	5
26643	59050
26879	5
26880	5
27135	5
27136	5
27391	5
27392	5
27647	5
27648	5
27903	5
27904	5
28159	5
28160	5
28415	5
28416	5
28473	1
28474	1
28671	5
28672	5
28729	1
28730	1
28927	5
28928	5
29183	5
29184	5
29239	1
29240	1
29439	5
29440	5
29695	5
29696	5
29951	5
29952	5
30207	5
30208	5
30463	5
30464	5
30719	5
30720	5
30975	5
30976	5
31231	5
31232	5
31487	5
31488	5
31743	5
31744	5
31999	5
32000	5
32255	5
32256	5
32511	5
32512	5
32767	5
32768	5
33023	5
33024	5
33279	5
33280	5
33535	5
33536	5
33791	5
33792	5
33877	5
34047	5
34048	5
34303	5
34304	5
34559	5
34560	5
34815	5
34816	5
35071	5
35072	5
35327	5
35328	5
35583	5
35584	5
35839	5
35840	5
36095	5
36096	5
36351	5
36352	5
36607	5
36608	5
36863	5
36864	5
37119	5
37120	5
37375	5
37376	5
37631	5
37632	5
37887	5
37888	5
38143	5
38144	5
38399	5
38400	5
38655	5
38656	5
38911	5
38912	5
39167	5
39168	5
39398	1
39399	1
39423	5
39424	5
39654	1
39655	1
39679	5
39680	5
39935	5
39936	5
40191	5
40192	5
40447	5
40448	5
40703	5
40704	5
40959	5
40960	5
41215	5
41216	5
41471	5
41472	5
41727	5
41728	5
41983	5
41984	5
42239	5
42240	5
42495	5
42496	5
42751	5
42752	5
43007	5
43008	5
43263	5
43264	5
43519	5
43520	5
43775	5
43776	5
44031	5
44032	5
44287	5
44288	5
44543	5
44544	5
44799	5
44800	5
45055	5
45056	5
45311	5
45312	5
45567	5
45568	5
45823	5
45824	5
46079	5
46080	5
46118	1
46119	1
46335	5
46336	5
46591	5
46592	5
46847	5
46848	5
47103	5
47104	5
47359	5
47360	5
47615	5
47616	5
47871	5
47872	5
48127	5
48128	5
48383	5
48384	5
48639	5
48640	5
48895	5
48896	5
49151	5
49152	5
49407	5
49408	5
49663	5
49664	5
49919	5
49920	5
50175	5
50176	5
50431	5
50432	5
50687	5
50688	5
50943	5
50944	5
51199	5
51200	5
51455	5
51456	5
51711	59050
51712	5
51967	5
51968	5
52223	5
52224	5
52479	5
52480	5
52735	5
52736	5
52991	5
52992	5
53247	5
53248	5
53503	5
53504	5
53759	5
53760	5
54015	5
54016	5
54271	60
54272	5
54527	5
54528	5
54783	5
54784	5
55039	5
55040	59050
55295	5
55296	5
55551	59050
55552	5
55807	287
55808	131
55999	1
56063	5
56064	6
56254	1
56255	1
56256	1
56257	1
56319	25557
56320	5
56511	1
56575	39951
56576	21561
56831	5
56832	5
57087	65
57088	16
57343	5
57344	5
57599	31862
57600	59050
57855	58503
57906	76
58111	5
58112	5
58367	491
58368	6
58623	2617
58624	54245
58879	5
58880	25089
59135	10
59136	5
59391	1051
59392	1
59647	2646
59903	40311
59904	59050
60159	8
60160	59050
60415	27717
60416	37788
60671	13336
60672	2630
60927	59050
61183	59050
61439	41598
61695	59050
61696	96
61951	59050
62207	54580
62463	56542
62719	5
62975	59050
63231	166
63232	82
63487	59050
63488	19
63743	51884
63999	33046
64255	59050
64256	4
64511	36020
64512	59050
64638	1
64767	16193
64768	51838
65023	5
65024	5
65279	5
65280	5
65281	5
65282	39
65291	298
65292	59050
65296	59050
65297	59050
65298	59050
65299	59050
65300	7213
65301	59050
65302	46
65303	59050
65304	59050
65305	59050
65306	59050
65307	2763
65308	4643
65309	5
65310	21
65311	21436
65312	17359
65313	5
65314	31486
65315	6
65316	11
65317	5
65318	5
65319	5
65320	5
65321	5
65322	5
65323	5
65324	5
65325	5
65326	5
65327	5
65328	5
65329	5
65330	5
65331	5
65332	5
65333	5
65334	5
65335	5
65336	5
65337	5
65338	5
65339	5
65340	5
65341	5
65342	5
65343	5
65344	5
65345	5
65346	5
65347	5
65348	5
65349	5
65350	5
65351	5
65352	5
65353	5
65354	5
65355	5
65356	5
65357	5
65358	5
65359	5
65360	15
65361	5
65362	5
65363	5
65364	5
65365	5
65366	5
65367	5
65368	5
65369	5
65370	5
65371	5
65372	5
65373	5
65374	5
65375	5
65376	5
65377	5
65378	5
65379	5
65380	5
65381	5
65382	5
65383	5
65384	5
65385	4915
65386	5
65387	5
65388	5
65389	5
65390	5
65391	5
65392	5
65393	5
65394	5
65395	5
65396	5
65397	5
65398	5
65399	5
65400	5
65401	5
65402	5
65403	5
65404	5
65405	5
65406	5
65407	5
65408	5
65409	5
65410	5
65411	5
65412	5
65413	5
65414	5
65415	5
65416	5
65417	5
65418	5
65419	5
65420	5
65421	5
65422	5
65423	5
65424	5
65425	5
65426	5
65427	5
65428	5
65429	5
65430	5
65431	5
65432	5
65433	5
65434	5
65435	5
65436	5
65437	5
65438	5
65439	5
65440	5
65441	5
65442	5
65443	5
65444	5
65445	45826
65446	5
65447	5
65448	5
65449	5
65450	5
65451	5
65452	5
65453	5
65454	5
65455	5
65456	5
65457	5
65458	5
65459	5
65460	6
65461	5
65462	5
65463	5
65464	5
65465	5
65466	5
65467	5
65468	5
65469	5
65470	5
65471	37204
65472	5
65473	5
65474	5
65475	59050
65476	5
65477	59050
65478	5
65479	20507
65480	5
65481	5
65482	1339
65483	5
65484	20553
65485	5313
65486	72
65487	23948
65488	59050
65489	59050
65490	59050
65491	53421
65492	59050
65493	15
65494	2305
65499	1
65506	1
65508	95
65513	1352
65514	29210
65516	4
65517	101
65518	11
65519	39440
65520	25947
65523	10
65524	14
65526	239
65528	59050
65531	58939
65532	59050
65533	5
65534	5
65535	5
