0	6
1	6
2	6
3	6
4	6
5	6
6	6
7	6
8	6
9	6
10	6
11	6
12	6
13	6
14	6
15	6
16	6
17	6
18	6
19	6
20	6
21	6
22	6
23	6
24	6
25	6
26	6
27	6
28	6
29	6
30	6
31	6
32	6
33	6
34	6
35	6
36	6
37	6
38	6
39	6
40	6
41	6
42	6
43	6
44	6
45	6
46	6
47	6
48	6
49	6
50	6
51	6
52	6
53	6
54	6
55	6
56	6
57	6
58	6
59	6
60	6
61	6
62	6
63	6
64	6
65	6
66	6
67	6
68	6
69	6
70	6
71	6
72	6
73	6
74	6
75	6
76	6
77	6
78	6
79	6
80	6
81	6
82	6
83	6
84	6
85	6
86	6
87	6
88	6
89	6
90	6
91	6
92	6
93	6
94	6
95	6
96	6
97	6
98	6
99	6
100	6
101	6
102	6
103	6
104	6
105	6
106	6
107	6
108	6
109	6
110	6
111	6
112	6
113	6
114	6
115	6
116	6
117	6
118	6
119	6
120	6
121	6
122	6
123	6
124	6
125	6
126	6
127	6
128	6
129	6
130	6
131	6
132	6
133	6
134	6
135	6
136	6
137	6
138	6
139	6
140	6
141	6
142	6
143	6
144	6
145	6
146	6
147	6
148	6
149	6
150	6
151	6
152	6
153	6
154	6
155	6
156	6
157	6
158	6
159	6
160	6
161	6
162	6
163	6
164	6
165	6
166	6
167	6
168	6
169	6
170	6
171	6
172	6
173	6
174	6
175	6
176	6
177	6
178	6
179	6
180	6
181	6
182	6
183	6
184	6
185	6
186	6
187	6
188	6
189	6
190	6
191	6
192	6
193	6
194	6
195	6
196	6
197	6
198	6
199	6
200	6
201	6
202	6
203	6
204	6
205	6
206	6
207	6
208	6
209	6
210	6
211	6
212	6
213	6
214	6
215	6
216	6
217	6
218	6
219	6
220	6
221	6
222	6
223	6
224	6
225	6
226	6
227	6
228	6
229	6
230	6
231	6
232	6
233	6
234	6
235	6
236	6
237	6
238	6
239	6
240	6
241	6
242	6
243	6
244	6
245	6
246	6
247	6
248	6
249	6
250	6
251	6
252	6
253	6
254	6
255	6
256	6
511	6
512	6
767	6
768	6
1023	24737
1024	6
1279	6
1280	6
1535	6
1536	6
1791	6
1792	6
2047	6
2048	6
2303	6
2304	6
2559	6
2560	6
2815	6
3021	1
3022	1
3042	1
3071	6
3072	6
3277	1
3278	1
3298	1
3299	1
3327	6
3328	6
3554	1
3555	1
3583	6
3584	6
3839	6
3840	6
4095	6
4096	6
4326	62
4351	6
4352	6
4607	6
4608	6
4863	6
4864	6
5119	6
5120	6
5375	6
5376	6
5631	6
5632	6
5887	6
5888	6
6143	6
6144	6
6399	6
6400	6
6655	6
6656	6
6865	1
6866	1
6867	1
6868	1
6911	6
6912	6
7121	1
7122	1
7123	1
7124	1
7125	1
7167	6
7168	6
7423	6
7424	6
7679	6
7680	6
7935	6
7936	6
8191	6
8192	6
8447	6
8448	6
8703	6
8704	6
8959	6
8960	6
9215	6
9216	6
9471	6
9472	6
9727	6
9728	6
9983	6
9984	6
10239	6
10240	6
10495	6
10496	6
10751	6
10752	6
11007	6
11008	6
11218	1
11219	1
11263	6
11264	6
11473	1
11474	1
11475	1
11476	1
11519	6
11520	6
11731	1
11732	1
11775	6
11776	6
12031	6
12032	6
12287	6
12288	6
12543	6
12544	6
12799	6
12800	6
13055	6
13056	6
13311	6
13312	6
13567	6
13568	6
13823	6
13824	6
14079	6
14080	6
14335	6
14336	6
14591	6
14592	6
14847	6
14848	6
15103	6
15104	6
15359	6
15360	6
15615	6
15616	6
15639	1
15871	6
15872	6
16127	6
16128	6
16383	6
16384	6
16639	6
16640	6
16895	6
16896	6
16992	10
17151	6
17152	6
17407	6
17408	6
17663	6
17664	6
17919	6
17920	6
18175	6
18176	6
18431	6
18432	6
18687	6
18688	6
18943	6
18944	6
19199	6
19200	6
19455	6
19456	6
19711	6
19712	6
19878	1
19879	1
19967	6
19968	6
20134	1
20135	1
20223	6
20224	6
20390	1
20391	1
20479	6
20480	6
20735	6
20736	6
20991	6
20992	6
21247	6
21248	6
21503	6
21504	6
21759	6
21760	6
22015	6
22016	6
22271	6
22272	6
22527	6
22528	6
22783	6
22784	6
23039	6
23040	6
23295	6
23296	6
23551	6
23552	6
23807	6
23808	6
24063	6
24064	6
24319	6
24320	6
24575	6
24576	6
24831	6
24832	6
25087	6
25088	6
25343	6
25344	6
25599	6
25600	6
25855	6
25856	6
26111	6
26112	6
26367	6
26368	6
26623	6
26624	6
26643	70860
26879	6
26880	6
27135	6
27136	6
27391	6
27392	6
27647	6
27648	6
27903	6
27904	6
28159	6
28160	6
28415	6
28416	6
28473	1
28474	1
28671	6
28672	6
28729	1
28730	1
28927	6
28928	6
29183	6
29184	6
29239	1
29240	1
29439	6
29440	6
29695	6
29696	6
29951	6
29952	6
30207	6
30208	6
30463	6
30464	6
30719	6
30720	6
30975	6
30976	6
31231	6
31232	6
31487	6
31488	6
31743	6
31744	6
31999	6
32000	6
32255	6
32256	6
32511	6
32512	6
32767	6
32768	6
33023	6
33024	6
33279	6
33280	6
33535	6
33536	6
33791	6
33792	6
33877	6
34047	6
34048	6
34303	6
34304	6
34559	6
34560	6
34815	6
34816	6
34845	1
34846	1
35071	6
35072	6
35327	6
35328	6
35583	6
35584	6
35839	6
35840	6
36095	6
36096	6
36351	6
36352	6
36607	6
36608	6
36863	6
36864	6
37119	6
37120	6
37375	6
37376	6
37631	6
37632	6
37887	6
37888	6
38143	6
38144	6
38399	6
38400	6
38655	6
38656	6
38911	6
38912	6
39167	6
39168	6
39398	1
39399	1
39423	6
39424	6
39654	1
39655	1
39679	6
39680	6
39935	6
39936	6
40191	6
40192	6
40447	6
40448	6
40703	6
40704	6
40959	6
40960	6
41215	6
41216	6
41471	6
41472	6
41727	6
41728	6
41983	6
41984	6
42239	6
42240	6
42495	6
42496	6
42751	6
42752	6
43007	6
43008	6
43263	6
43264	6
43519	6
43520	6
43775	6
43776	6
44031	6
44032	6
44287	6
44288	6
44543	6
44544	6
44799	6
44800	6
45055	6
45056	6
45311	6
45312	6
45567	6
45568	6
45823	6
45824	6
46079	6
46080	6
46118	1
46119	1
46335	6
46336	6
46591	6
46592	6
46847	6
46848	6
47103	6
47104	6
47359	6
47360	6
47615	6
47616	6
47871	6
47872	6
48127	6
48128	6
48383	6
48384	6
48639	6
48640	6
48895	6
48896	8
49151	6
49152	6
49407	6
49408	6
49663	6
49664	6
49919	6
49920	6
50175	6
50176	6
50431	6
50432	6
50687	6
50688	6
50943	6
50944	6
51199	6
51200	6
51455	6
51456	6
51711	70860
51712	6
51967	7
51968	6
52223	6
52224	6
52479	6
52480	6
52735	6
52736	6
52991	6
52992	7
53247	6
53248	6
53503	6
53504	6
53759	6
53760	6
54015	6
54016	6
54271	915
54272	9
54527	6
54528	6
54783	6
54784	6
55039	6
55040	70860
55295	6
55296	6
55551	70860
55552	6
55807	2686
55808	590
55999	1
56063	6
56064	9
56254	1
56255	1
56256	1
56257	1
56319	37367
56320	6
56511	1
56575	51761
56576	33371
56831	6
56832	6
57087	763
57088	64
57343	6
57344	6
57599	43672
57600	70860
57855	70313
57906	76
58111	6
58112	6
58367	4852
58368	7
58623	14427
58624	66055
58879	6
58880	36899
59135	186
59136	6
59391	8434
59392	1
59647	14456
59903	40706
59904	70860
60159	93
60160	69081
60415	27775
60416	49598
60671	13346
60672	2655
60927	70860
61183	70860
61439	42253
61695	70860
61696	96
61951	70860
62207	66390
62463	68352
62719	6
62975	61703
63231	1792
63232	83
63487	70860
63488	19
63743	52782
63999	33275
64255	70860
64256	4
64511	47830
64512	70860
64638	1
64767	28003
64768	54540
65023	6
65024	6
65279	6
65280	6
65281	6
65282	40
65291	301
65292	70860
65296	65947
65297	70860
65298	67820
65299	65420
65300	18627
65301	70860
65302	201
65303	63527
65304	70860
65305	70860
65306	70860
65307	10248
65308	13391
65309	6
65310	66
65311	33246
65312	29169
65313	6
65314	43296
65315	18
65316	55
65317	6
65318	6
65319	6
65320	6
65321	6
65322	6
65323	6
65324	6
65325	6
65326	6
65327	6
65328	6
65329	6
65330	6
65331	6
65332	6
65333	6
65334	6
65335	6
65336	6
65337	6
65338	6
65339	6
65340	6
65341	6
65342	6
65343	6
65344	6
65345	6
65346	6
65347	6
65348	6
65349	6
65350	6
65351	6
65352	6
65353	6
65354	6
65355	6
65356	6
65357	6
65358	6
65359	6
65360	34
65361	6
65362	6
65363	6
65364	6
65365	6
65366	6
65367	6
65368	6
65369	6
65370	6
65371	6
65372	6
65373	6
65374	6
65375	6
65376	6
65377	6
65378	6
65379	6
65380	6
65381	6
65382	6
65383	6
65384	6
65385	16225
65386	6
65387	6
65388	6
65389	6
65390	6
65391	6
65392	6
65393	6
65394	6
65395	6
65396	6
65397	6
65398	6
65399	6
65400	6
65401	6
65402	6
65403	6
65404	6
65405	6
65406	6
65407	6
65408	6
65409	6
65410	6
65411	6
65412	6
65413	6
65414	6
65415	6
65416	6
65417	6
65418	6
65419	6
65420	6
65421	6
65422	6
65423	6
65424	6
65425	6
65426	6
65427	6
65428	6
65429	6
65430	6
65431	6
65432	6
65433	6
65434	6
65435	6
65436	6
65437	6
65438	6
65439	6
65440	6
65441	6
65442	6
65443	6
65444	6
65445	57636
65446	6
65447	6
65448	6
65449	6
65450	6
65451	6
65452	6
65453	6
65454	6
65455	6
65456	6
65457	6
65458	6
65459	6
65460	59
65461	6
65462	6
65463	6
65464	6
65465	6
65466	6
65467	6
65468	6
65469	6
65470	6
65471	49014
65472	6
65473	6
65474	6
65475	70860
65476	6
65477	63286
65478	6
65479	32317
65480	6
65481	6
65482	10153
65483	6
65484	32363
65485	17123
65486	597
65487	35758
65488	70860
65489	70860
65490	70860
65491	65231
65492	70860
65493	15
65494	2312
65499	1
65506	1
65508	95
65513	1353
65514	29352
65516	4
65517	101
65518	11
65519	39822
65520	26051
65523	10
65524	14
65526	239
65528	70860
65531	70749
65532	70860
65533	6
65534	6
65535	6
