0	7
1	7
2	7
3	7
4	7
5	7
6	7
7	7
8	7
9	7
10	7
11	7
12	7
13	7
14	7
15	7
16	7
17	7
18	7
19	7
20	7
21	7
22	7
23	7
24	7
25	7
26	7
27	7
28	7
29	7
30	7
31	7
32	7
33	7
34	7
35	7
36	7
37	7
38	7
39	7
40	7
41	7
42	7
43	7
44	7
45	7
46	7
47	7
48	7
49	7
50	7
51	7
52	7
53	7
54	7
55	7
56	7
57	7
58	7
59	7
60	7
61	7
62	7
63	7
64	7
65	7
66	7
67	7
68	7
69	7
70	7
71	7
72	7
73	7
74	7
75	7
76	7
77	7
78	7
79	7
80	7
81	7
82	7
83	7
84	7
85	7
86	7
87	7
88	7
89	7
90	7
91	7
92	7
93	7
94	7
95	7
96	7
97	7
98	7
99	7
100	7
101	7
102	7
103	7
104	7
105	7
106	7
107	7
108	7
109	7
110	7
111	7
112	7
113	7
114	7
115	7
116	7
117	7
118	7
119	7
120	7
121	7
122	7
123	7
124	7
125	7
126	7
127	7
128	7
129	7
130	7
131	7
132	7
133	7
134	7
135	7
136	7
137	7
138	7
139	7
140	7
141	7
142	7
143	7
144	7
145	7
146	7
147	7
148	7
149	7
150	7
151	7
152	7
153	7
154	7
155	7
156	7
157	7
158	7
159	7
160	7
161	7
162	7
163	7
164	7
165	7
166	7
167	7
168	7
169	7
170	7
171	7
172	7
173	7
174	7
175	7
176	7
177	7
178	7
179	7
180	7
181	7
182	7
183	7
184	7
185	7
186	7
187	7
188	7
189	7
190	7
191	7
192	7
193	7
194	7
195	7
196	7
197	7
198	7
199	7
200	7
201	7
202	7
203	7
204	7
205	7
206	7
207	7
208	7
209	7
210	7
211	7
212	7
213	7
214	7
215	7
216	7
217	7
218	7
219	7
220	7
221	7
222	7
223	7
224	7
225	7
226	7
227	7
228	7
229	7
230	7
231	7
232	7
233	7
234	7
235	7
236	7
237	7
238	7
239	7
240	7
241	7
242	7
243	7
244	7
245	7
246	7
247	7
248	7
249	7
250	7
251	7
252	7
253	7
254	7
255	7
256	7
511	7
512	7
767	7
768	7
1023	36547
1024	7
1279	7
1280	7
1535	7
1536	7
1791	7
1792	7
2047	7
2048	7
2303	7
2304	7
2559	7
2560	7
2815	7
3021	1
3022	1
3042	1
3071	7
3072	7
3277	1
3278	1
3298	1
3299	1
3327	7
3328	7
3554	1
3555	1
3583	7
3584	7
3839	7
3840	7
4095	7
4096	7
4326	74
4351	7
4352	7
4607	7
4608	7
4863	7
4864	7
5119	7
5120	7
5375	7
5376	7
5631	7
5632	7
5887	7
5888	7
6143	7
6144	7
6399	7
6400	7
6655	7
6656	7
6865	1
6866	1
6867	1
6868	1
6911	7
6912	7
7121	1
7122	1
7123	1
7124	1
7125	1
7167	7
7168	7
7423	7
7424	7
7679	7
7680	7
7935	7
7936	7
8191	7
8192	7
8447	7
8448	7
8703	7
8704	7
8959	7
8960	7
9215	7
9216	7
9471	7
9472	7
9727	7
9728	7
9983	7
9984	7
10239	10
10240	7
10495	7
10496	7
10751	7
10752	7
11007	7
11008	7
11218	1
11219	1
11263	7
11264	7
11473	1
11474	1
11475	1
11476	1
11519	7
11520	7
11731	1
11732	1
11775	7
11776	7
12031	7
12032	7
12287	7
12288	7
12543	7
12544	7
12799	7
12800	7
13055	7
13056	7
13311	7
13312	7
13567	7
13568	7
13823	7
13824	7
14079	7
14080	7
14335	7
14336	7
14591	7
14592	7
14847	7
14848	7
15103	7
15104	7
15359	7
15360	7
15615	7
15616	7
15639	1
15871	7
15872	7
16127	7
16128	7
16383	7
16384	7
16639	7
16640	7
16895	7
16896	7
16992	24
17151	7
17152	7
17407	7
17408	7
17663	7
17664	7
17919	7
17920	7
18175	7
18176	7
18431	7
18432	7
18687	7
18688	7
18943	7
18944	7
19199	7
19200	7
19455	7
19456	7
19711	7
19712	7
19878	1
19879	1
19967	7
19968	7
20134	1
20135	1
20223	7
20224	7
20390	1
20391	1
20479	7
20480	7
20735	7
20736	7
20991	7
20992	7
21247	7
21248	7
21503	7
21504	7
21759	7
21760	7
22015	7
22016	7
22271	7
22272	7
22527	7
22528	7
22783	7
22784	7
22992	1
23039	7
23040	7
23295	7
23296	7
23551	7
23552	7
23807	7
23808	7
24063	7
24064	7
24319	7
24320	7
24575	7
24576	7
24831	7
24832	7
25087	7
25088	7
25343	7
25344	7
25599	7
25600	7
25855	7
25856	7
26111	7
26112	7
26367	7
26368	7
26623	7
26624	7
26643	82670
26879	7
26880	7
27135	7
27136	7
27391	7
27392	7
27647	7
27648	7
27903	7
27904	7
28159	7
28160	7
28415	7
28416	7
28473	1
28474	1
28671	7
28672	7
28729	1
28730	1
28927	7
28928	7
29183	7
29184	7
29239	1
29240	1
29439	7
29440	7
29695	7
29696	7
29951	7
29952	7
30207	7
30208	7
30463	7
30464	7
30719	7
30720	7
30975	7
30976	7
31231	7
31232	7
31487	7
31488	7
31743	7
31744	7
31999	7
32000	7
32255	7
32256	7
32511	7
32512	7
32767	7
32768	7
33023	7
33024	7
33279	7
33280	7
33535	7
33536	7
33791	7
33792	7
33877	6
34047	7
34048	7
34303	7
34304	7
34559	7
34560	7
34815	7
34816	7
34845	1
34846	1
35071	7
35072	7
35327	7
35328	7
35583	7
35584	7
35839	7
35840	7
36095	7
36096	7
36351	7
36352	7
36607	7
36608	7
36863	7
36864	7
37119	7
37120	7
37375	7
37376	7
37631	7
37632	7
37887	7
37888	7
38143	7
38144	7
38399	7
38400	7
38655	7
38656	7
38911	7
38912	7
39167	7
39168	7
39398	1
39399	1
39423	7
39424	7
39654	1
39655	1
39679	7
39680	7
39935	7
39936	7
40191	7
40192	7
40447	7
40448	7
40703	7
40704	7
40959	7
40960	7
41215	7
41216	7
41471	7
41472	7
41727	7
41728	7
41983	7
41984	7
42239	7
42240	7
42495	7
42496	7
42751	7
42752	7
43007	7
43008	7
43115	1
43263	7
43264	7
43519	7
43520	7
43775	7
43776	7
43886	1
43887	1
44031	7
44032	7
44142	1
44143	1
44287	7
44288	7
44543	7
44544	7
44799	7
44800	7
45055	7
45056	7
45311	7
45312	7
45567	7
45568	7
45823	7
45824	7
46079	7
46080	7
46118	1
46119	1
46335	7
46336	7
46591	7
46592	7
46847	7
46848	7
47103	7
47104	7
47359	7
47360	7
47615	7
47616	7
47871	7
47872	7
48127	7
48128	7
48383	7
48384	7
48639	7
48640	7
48895	7
48896	19
49151	7
49152	7
49407	7
49408	7
49663	7
49664	7
49919	7
49920	7
50175	7
50176	7
50431	7
50432	7
50687	7
50688	7
50943	7
50944	7
51199	7
51200	7
51455	7
51456	7
51711	82670
51712	7
51967	11
51968	7
52223	7
52224	7
52479	7
52480	7
52735	7
52736	7
52991	7
52992	14
53247	7
53248	7
53503	7
53504	7
53759	7
53760	7
54015	7
54016	7
54236	1
54271	3501
54272	27
54527	7
54528	7
54783	7
54784	7
55039	7
55040	82670
55295	7
55296	7
55551	82670
55552	7
55807	8741
55808	2629
55999	1
56063	7
56064	32
56254	1
56255	1
56256	1
56257	1
56319	49177
56320	7
56511	1
56575	63571
56576	45181
56831	10
56832	8
57087	2768
57088	293
57343	7
57344	8
57599	55482
57600	82670
57855	82123
57906	80
58111	7
58112	8
58367	12796
58368	39
58623	26237
58624	77865
58879	7
58880	48709
59135	599
59136	7
59391	20244
59392	1
59647	26266
59903	40863
59904	82670
60159	203
60160	72315
60415	27803
60416	61408
60671	13355
60672	2661
60927	82670
61183	77670
61439	42562
61695	82670
61696	96
61951	82670
62207	78200
62463	80162
62719	7
62975	62871
63231	5812
63232	83
63487	82670
63488	19
63743	53220
63999	33344
64255	82670
64256	4
64511	59640
64512	82670
64638	2
64710	1
64711	1
64767	39813
64768	55283
64966	1
64967	1
65023	7
65024	7
65279	7
65280	7
65281	7
65282	40
65291	301
65292	82670
65296	68555
65297	80497
65298	70434
65299	67380
65300	30437
65301	82670
65302	724
65303	65040
65304	82670
65305	82670
65306	82670
65307	22058
65308	25201
65309	7
65310	303
65311	45056
65312	40979
65313	9
65314	55106
65315	92
65316	451
65317	7
65318	7
65319	7
65320	10
65321	7
65322	7
65323	7
65324	7
65325	7
65326	7
65327	7
65328	7
65329	7
65330	7
65331	7
65332	7
65333	7
65334	7
65335	7
65336	7
65337	7
65338	7
65339	7
65340	7
65341	7
65342	7
65343	7
65344	7
65345	7
65346	7
65347	7
65348	7
65349	7
65350	7
65351	7
65352	7
65353	7
65354	7
65355	7
65356	7
65357	7
65358	7
65359	7
65360	195
65361	7
65362	7
65363	7
65364	7
65365	7
65366	7
65367	7
65368	7
65369	7
65370	7
65371	7
65372	7
65373	7
65374	7
65375	7
65376	7
65377	7
65378	7
65379	7
65380	7
65381	7
65382	7
65383	7
65384	7
65385	28035
65386	7
65387	7
65388	7
65389	7
65390	7
65391	7
65392	7
65393	7
65394	7
65395	7
65396	7
65397	7
65398	7
65399	7
65400	7
65401	7
65402	7
65403	7
65404	7
65405	7
65406	7
65407	7
65408	7
65409	7
65410	7
65411	7
65412	7
65413	7
65414	7
65415	7
65416	7
65417	7
65418	7
65419	7
65420	7
65421	7
65422	7
65423	7
65424	7
65425	7
65426	7
65427	7
65428	7
65429	7
65430	7
65431	7
65432	7
65433	7
65434	7
65435	7
65436	7
65437	7
65438	7
65439	7
65440	7
65441	7
65442	7
65443	7
65444	7
65445	69446
65446	7
65447	7
65448	7
65449	7
65450	7
65451	7
65452	7
65453	7
65454	7
65455	7
65456	7
65457	7
65458	7
65459	7
65460	216
65461	7
65462	7
65463	7
65464	7
65465	7
65466	7
65467	7
65468	7
65469	7
65470	7
65471	60824
65472	7
65473	7
65474	7
65475	82670
65476	7
65477	65163
65478	8
65479	44127
65480	7
65481	7
65482	21963
65483	7
65484	44173
65485	28933
65486	2740
65487	47568
65488	82670
65489	82670
65490	82670
65491	77041
65492	82670
65493	15
65494	2314
65499	1
65506	1
65508	95
65513	1354
65514	29434
65516	4
65517	101
65518	11
65519	39967
65520	26104
65523	10
65524	14
65526	239
65528	77320
65531	82559
65532	82670
65533	7
65534	7
65535	7
