4326	65
52732	13
59497	27
59498	56
59754	6
62537	3
63337	60
65535	11810
#
4326	132
33877	1
52732	13
59497	27
59498	56
59754	6
62537	3
63337	60
64638	1
65535	23620
#
4326	214
33877	1
52732	13
59497	27
59498	56
59754	6
62537	3
63337	60
64638	3
65535	35430
#
4326	248
33877	5
52732	13
59497	27
59498	56
59754	6
62537	3
63337	60
64638	3
65535	47240
#
4326	279
14060	28
14316	34
14572	14
27870	21
28126	50
28127	21
33877	5
49939	1
52732	13
59497	27
59498	56
59754	6
62537	3
63337	60
64638	3
65535	59050
#
4326	325
11676	15
11932	18
12446	32
14060	28
14316	34
14572	14
27870	21
28126	50
28127	21
33877	9
49939	1
52732	13
59497	27
59498	56
59754	6
62537	3
63337	60
64638	3
65535	70860
#
4326	384
11676	15
11932	18
12446	32
14060	28
14316	34
14572	14
24240	1
27870	21
28126	50
28127	21
32198	32
32199	21
32454	49
33877	14
49939	1
52732	13
59497	27
59498	56
59754	6
62537	3
63337	60
64638	5
65535	82670
#
4326	435
5017	1
11676	15
11932	18
12446	32
14060	28
14316	34
14572	14
24240	1
27870	21
28126	50
28127	21
32198	32
32199	21
32454	49
33877	20
49939	1
52732	13
59497	27
59498	56
59754	6
62537	3
63337	60
64638	5
65353	3
65535	94480
#
4326	467
5017	1
11676	15
11932	18
12446	32
14060	28
14316	34
14572	14
24240	1
27870	21
28126	50
28127	21
32198	32
32199	21
32454	49
33877	20
49939	1
52732	13
59497	27
59498	56
59754	6
62537	3
63337	60
64638	5
65353	3
65535	106290
#
4326	527
5017	1
11676	15
11932	18
12446	32
14060	28
14316	34
14572	14
24240	1
27870	21
28126	50
28127	21
32198	32
32199	21
32454	49
33877	20
49939	1
52732	13
59497	27
59498	56
59754	6
62537	3
63337	60
64638	5
65353	3
65535	118100
